hosp	unit	tech	teach	beds	unitsur	we			expe	full	pa
1	1	1	0	502	0	2.35748299319728	20	1	11
1	1	1	0	502	0	2.35748299319728	19	0	7
1	1	1	0	502	0	2.35748299319728	13	1	16
1	1	1	0	502	0	2.35748299319728	0	1	10
1	1	1	0	502	0	2.35748299319728	17	0	32
1	1	1	0	502	0	2.35748299319728	1	1	3
1	1	1	0	502	0	2.35748299319728	9	1	16
1	2	1	0	502	0	2.77079365079365	1	1	6
1	2	1	0	502	0	2.77079365079365	0	1	5
1	2	1	0	502	0	2.77079365079365	7	1	10
1	2	1	0	502	0	2.77079365079365	1	1	4
1	2	1	0	502	0	2.77079365079365	3	1	12
1	2	1	0	502	0	2.77079365079365	12	0	7
1	2	1	0	502	0	2.77079365079365	0	1	7
1	2	1	0	502	0	2.77079365079365	3	1	9
1	2	1	0	502	0	2.77079365079365	3	1	3
1	2	1	0	502	0	2.77079365079365	4	1	12
1	3	1	0	502	1	2.2668253968254		2	1	6
1	3	1	0	502	1	2.2668253968254		2	1	6
1	3	1	0	502	1	2.2668253968254		2	1	3
1	3	1	0	502	1	2.2668253968254		20	0	10
1	3	1	0	502	1	2.2668253968254		19	0	5
1	4	1	0	502	1	2.56604938271605	34	0	11
1	4	1	0	502	1	2.56604938271605	23	0	12
1	4	1	0	502	1	2.56604938271605	6	1	6
1	4	1	0	502	1	2.56604938271605	30	1	22
1	4	1	0	502	1	2.56604938271605	3	1	4
1	4	1	0	502	1	2.56604938271605	30	0	11
1	4	1	0	502	1	2.56604938271605	25	0	6
1	4	1	0	502	1	2.56604938271605	25	1	6
1	4	1	0	502	1	2.56604938271605	14	1	24
1	5	1	0	502	0	2.63789682539683	19	0	6
1	5	1	0	502	0	2.63789682539683	0.3	1	9
1	5	1	0	502	0	2.63789682539683	25	1	5
1	5	1	0	502	0	2.63789682539683	3	1	10
1	5	1	0	502	0	2.63789682539683	1	1	5
1	5	1	0	502	0	2.63789682539683	2	1	21
1	5	1	0	502	0	2.63789682539683	14	0	5
1	5	1	0	502	0	2.63789682539683	0	1	9
1	6	1	0	502	1	2.83878968253968	20	0	3
1	6	1	0	502	1	2.83878968253968	7	1	13
1	6	1	0	502	1	2.83878968253968	3	1	11
1	6	1	0	502	1	2.83878968253968	7	1	21
1	6	1	0	502	1	2.83878968253968	18	0	8
1	6	1	0	502	1	2.83878968253968	14	1	23
1	6	1	0	502	1	2.83878968253968	13	1	3
1	6	1	0	502	1	2.83878968253968	6	1	11
2	7	0	0	230	0	2.47356532356532	8	1	13
2	7	0	0	230	0	2.47356532356532	4	1	7
2	7	0	0	230	0	2.47356532356532	11	0	9
2	7	0	0	230	0	2.47356532356532	29	1	19
2	7	0	0	230	0	2.47356532356532	30	0	25
2	7	0	0	230	0	2.47356532356532	8	1	27
2	7	0	0	230	0	2.47356532356532	12	0	7
2	7	0	0	230	0	2.47356532356532	7	0	18
2	7	0	0	230	0	2.47356532356532	23	0	17
2	7	0	0	230	0	2.47356532356532	4	1	7
2	7	0	0	230	0	2.47356532356532	18	0	13
2	7	0	0	230	0	2.47356532356532	8	0	5
2	7	0	0	230	0	2.47356532356532	2.5	1	5
2	8	0	0	230	0	2.7233630952381		33	0	16
2	8	0	0	230	0	2.7233630952381		2	1	8
2	8	0	0	230	0	2.7233630952381		31	1	3
2	8	0	0	230	0	2.7233630952381		9	1	8
2	8	0	0	230	0	2.7233630952381		9	0	9
2	8	0	0	230	0	2.7233630952381		22	1	1
2	8	0	0	230	0	2.7233630952381		20	0	25
2	8	0	0	230	0	2.7233630952381		30	1	5
2	9	0	0	230	1	2.51063492063492	2	0	26
2	9	0	0	230	1	2.51063492063492	11	0	10
2	9	0	0	230	1	2.51063492063492	3	1	1
2	9	0	0	230	1	2.51063492063492	19	1	15
2	9	0	0	230	1	2.51063492063492	19	0	21
2	9	0	0	230	1	2.51063492063492	9	0	5
2	9	0	0	230	1	2.51063492063492	1	1	12
2	9	0	0	230	1	2.51063492063492	3	1	7
2	9	0	0	230	1	2.51063492063492	9	0	15
2	9	0	0	230	1	2.51063492063492	28	0	1
2	10	0	0	230	1	2.5475			3	1	16
2	10	0	0	230	1	2.5475			7	1	2
2	10	0	0	230	1	2.5475			2	1	15
2	10	0	0	230	1	2.5475			12	1	2
2	10	0	0	230	1	2.5475			8	1	3
2	10	0	0	230	1	2.5475			19	0	15
2	10	0	0	230	1	2.5475			25	0	12
2	10	0	0	230	1	2.5475			26	0	11
2	10	0	0	230	1	2.5475			1	1	19
2	10	0	0	230	1	2.5475			20	0	22
3	11	1	1	1472	1	1.94007936507937	14	0	8
3	11	1	1	1472	1	1.94007936507937	8	0	2
3	11	1	1	1472	1	1.94007936507937	24	1	2
3	11	1	1	1472	1	1.94007936507937	7	1	11
3	11	1	1	1472	1	1.94007936507937	2.5	1	1
3	12	1	1	1472	1	2.66488095238095	0	1	9
3	12	1	1	1472	1	2.66488095238095	23	0	7
3	12	1	1	1472	1	2.66488095238095	25	0	11
3	12	1	1	1472	1	2.66488095238095	13	0	14
3	12	1	1	1472	1	2.66488095238095	18	1	8
3	12	1	1	1472	1	2.66488095238095	9	0	15
3	12	1	1	1472	1	2.66488095238095	1	1	20
3	12	1	1	1472	1	2.66488095238095	13	0	7
3	12	1	1	1472	1	2.66488095238095	22	0	5
3	12	1	1	1472	1	2.66488095238095	7	1	16
3	12	1	1	1472	1	2.66488095238095	1	1	12
3	12	1	1	1472	1	2.66488095238095	2	1	9
3	12	1	1	1472	1	2.66488095238095	5	1	11
3	12	1	1	1472	1	2.66488095238095	22	0	7
3	13	1	1	1472	0	2.60674603174603	33	1	2
3	13	1	1	1472	0	2.60674603174603	29	0	5
3	13	1	1	1472	0	2.60674603174603	22	0	4
3	13	1	1	1472	0	2.60674603174603	2	0	6
3	13	1	1	1472	0	2.60674603174603	12	1	10
3	13	1	1	1472	0	2.60674603174603	1	1	6
3	13	1	1	1472	0	2.60674603174603	25	0	5
3	13	1	1	1472	0	2.60674603174603	25	1	3
3	13	1	1	1472	0	2.60674603174603	29	0	8
3	13	1	1	1472	0	2.60674603174603	13	0	1
3	13	1	1	1472	0	2.60674603174603	23	0	7
3	13	1	1	1472	0	2.60674603174603	28	0	19
3	13	1	1	1472	0	2.60674603174603	14	0	9
3	14	1	1	1472	1	2.2167328042328		1	1	14
3	14	1	1	1472	1	2.2167328042328		11	1	2
3	14	1	1	1472	1	2.2167328042328		18	0	19
3	14	1	1	1472	1	2.2167328042328		3	0	12
3	14	1	1	1472	1	2.2167328042328		2	1	19
3	14	1	1	1472	1	2.2167328042328		33	0	1
3	15	1	1	1472	0	2.31100288600289	1	1	13
3	15	1	1	1472	0	2.31100288600289	1	1	8
3	15	1	1	1472	0	2.31100288600289	26	0	14
3	15	1	1	1472	0	2.31100288600289	41	0	3
3	15	1	1	1472	0	2.31100288600289	18	1	12
3	15	1	1	1472	0	2.31100288600289	27	0	13
3	15	1	1	1472	0	2.31100288600289	27	0	11
3	15	1	1	1472	0	2.31100288600289	19	0	12
3	15	1	1	1472	0	2.31100288600289	2	1	8
3	15	1	1	1472	0	2.31100288600289	23	0	14
3	15	1	1	1472	0	2.31100288600289	22	0	4
3	16	1	1	1472	1	2.42252747252747	27	0	25
3	16	1	1	1472	1	2.42252747252747	10	1	17
3	16	1	1	1472	1	2.42252747252747	6	1	17
3	16	1	1	1472	1	2.42252747252747	7	1	12
3	16	1	1	1472	1	2.42252747252747	35	1	13
3	16	1	1	1472	1	2.42252747252747	18	0	16
3	16	1	1	1472	1	2.42252747252747	1	1	3
3	16	1	1	1472	1	2.42252747252747	12	1	3
3	16	1	1	1472	1	2.42252747252747	9	0	6
3	16	1	1	1472	1	2.42252747252747	34	0	8
3	16	1	1	1472	1	2.42252747252747	33	0	12
3	16	1	1	1472	1	2.42252747252747	16	0	15
3	16	1	1	1472	1	2.42252747252747	2	1	9
4	17	0	0	481	1	2.29560185185185	1	1	18
4	17	0	0	481	1	2.29560185185185	4	1	7
4	17	0	0	481	1	2.29560185185185	10	0	0
4	17	0	0	481	1	2.29560185185185	15	0	18
4	17	0	0	481	1	2.29560185185185	17	0	12
4	17	0	0	481	1	2.29560185185185	33	0	0
4	17	0	0	481	1	2.29560185185185	2	1	15
4	17	0	0	481	1	2.29560185185185	28	0	10
4	17	0	0	481	1	2.29560185185185	0.7	1	13
4	17	0	0	481	1	2.29560185185185	8	0	11
4	17	0	0	481	1	2.29560185185185	10	0	4
4	17	0	0	481	1	2.29560185185185	21	0	16
4	18	0	0	481	1	2.44297052154195	3	1	6
4	18	0	0	481	1	2.44297052154195	22	0	19
4	18	0	0	481	1	2.44297052154195	22	0	12
4	18	0	0	481	1	2.44297052154195	22	1	10
4	18	0	0	481	1	2.44297052154195	15	0	18
4	18	0	0	481	1	2.44297052154195	2	1	14
4	18	0	0	481	1	2.44297052154195	0.25	1	13
4	19	0	0	481	1	2.59730158730159	17	0	7
4	19	0	0	481	1	2.59730158730159	12	1	7
4	19	0	0	481	1	2.59730158730159	16	0	13
4	19	0	0	481	1	2.59730158730159	35	0	0
4	19	0	0	481	1	2.59730158730159	2	1	8
4	19	0	0	481	1	2.59730158730159	4	0	12
4	19	0	0	481	1	2.59730158730159	19	0	11
4	19	0	0	481	1	2.59730158730159	0	1	8
4	19	0	0	481	1	2.59730158730159	0.25	1	14
4	19	0	0	481	1	2.59730158730159	34	1	5
4	20	0	0	481	0	2.19828042328042	10	1	12
4	20	0	0	481	0	2.19828042328042	11	0	1
4	20	0	0	481	0	2.19828042328042	1	1	21
4	20	0	0	481	0	2.19828042328042	12	0	23
4	20	0	0	481	0	2.19828042328042	1	1	3
4	20	0	0	481	0	2.19828042328042	14	0	33
4	20	0	0	481	0	2.19828042328042	17	0	6
4	20	0	0	481	0	2.19828042328042	30	0	5
4	20	0	0	481	0	2.19828042328042	14	1	2
5	21	1	0	698	0	2.33040674603175	1	1	10
5	21	1	0	698	0	2.33040674603175	4	1	6
5	21	1	0	698	0	2.33040674603175	5	1	11
5	21	1	0	698	0	2.33040674603175	16	0	11
5	21	1	0	698	0	2.33040674603175	3	1	8
5	21	1	0	698	0	2.33040674603175	20	0	15
5	21	1	0	698	0	2.33040674603175	30	0	19
5	21	1	0	698	0	2.33040674603175	12	0	18
5	22	1	0	698	1	2.49404761904762	2	1	8
5	22	1	0	698	1	2.49404761904762	27	0	11
5	22	1	0	698	1	2.49404761904762	16	1	0
5	22	1	0	698	1	2.49404761904762	8	1	9
5	22	1	0	698	1	2.49404761904762	14	1	6
5	22	1	0	698	1	2.49404761904762	15	1	16
5	22	1	0	698	1	2.49404761904762	7	0	0
5	22	1	0	698	1	2.49404761904762	36	0	8
5	22	1	0	698	1	2.49404761904762	4	1	29
5	22	1	0	698	1	2.49404761904762	24	1	10
5	23	1	0	698	0	2.74695767195767	10	0	9
5	23	1	0	698	0	2.74695767195767	19	1	9
5	23	1	0	698	0	2.74695767195767	26	1	13
5	23	1	0	698	0	2.74695767195767	14	1	6
5	23	1	0	698	0	2.74695767195767	14	0	12
5	23	1	0	698	0	2.74695767195767	14	1	6
5	23	1	0	698	0	2.74695767195767	26	0	0
5	23	1	0	698	0	2.74695767195767	17	0	5
5	23	1	0	698	0	2.74695767195767	20	1	9
5	23	1	0	698	0	2.74695767195767	13	0	3
5	23	1	0	698	0	2.74695767195767	17	0	0
5	23	1	0	698	0	2.74695767195767	3	1	14
5	24	1	0	698	0	2.41395502645503	11	1	5
5	24	1	0	698	0	2.41395502645503	21	0	19
5	24	1	0	698	0	2.41395502645503	10	1	12
5	24	1	0	698	0	2.41395502645503	31	1	14
5	24	1	0	698	0	2.41395502645503	31	0	4
5	24	1	0	698	0	2.41395502645503	5	1	8
5	25	1	0	698	1	2.21299603174603	32	1	15
5	25	1	0	698	1	2.21299603174603	18	0	10
5	25	1	0	698	1	2.21299603174603	25	1	13
5	25	1	0	698	1	2.21299603174603	30	0	28
5	25	1	0	698	1	2.21299603174603	34	0	13
5	25	1	0	698	1	2.21299603174603	32	1	3
5	25	1	0	698	1	2.21299603174603	20	0	2
5	25	1	0	698	1	2.21299603174603	25	0	14
5	26	1	0	698	0	2.41082251082251	35	0	15
5	26	1	0	698	0	2.41082251082251	15	1	2
5	26	1	0	698	0	2.41082251082251	5	1	5
5	26	1	0	698	0	2.41082251082251	10	1	10
5	26	1	0	698	0	2.41082251082251	26	1	2
5	26	1	0	698	0	2.41082251082251	23	0	10
5	26	1	0	698	0	2.41082251082251	26	0	8
5	26	1	0	698	0	2.41082251082251	33	0	20
5	26	1	0	698	0	2.41082251082251	1	1	4
5	26	1	0	698	0	2.41082251082251	10	0	3
5	26	1	0	698	0	2.41082251082251	15	1	23
6	27	0	0	294	0	2.68916666666667	20	0	7
6	27	0	0	294	0	2.68916666666667	30	0	27
6	27	0	0	294	0	2.68916666666667	19	0	2
6	27	0	0	294	0	2.68916666666667	3.4	1	8
6	27	0	0	294	0	2.68916666666667	3.3	1	6
6	27	0	0	294	0	2.68916666666667	20	0	8
6	27	0	0	294	0	2.68916666666667	7	0	4
6	27	0	0	294	0	2.68916666666667	24	0	6
6	27	0	0	294	0	2.68916666666667	15	0	9
6	27	0	0	294	0	2.68916666666667	33	0	10
6	28	0	0	294	1	2.09166666666667	6	0	25
6	28	0	0	294	1	2.09166666666667	2	1	14
6	28	0	0	294	1	2.09166666666667	14	0	18
6	28	0	0	294	1	2.09166666666667	9	1	5
6	28	0	0	294	1	2.09166666666667	17	1	2
6	29	0	0	294	1	2.45145502645503	2	1	8
6	29	0	0	294	1	2.45145502645503	7	1	5
6	29	0	0	294	1	2.45145502645503	18	0	14
6	29	0	0	294	1	2.45145502645503	7	0	14
6	29	0	0	294	1	2.45145502645503	3	1	2
6	29	0	0	294	1	2.45145502645503	25	0	0
6	29	0	0	294	1	2.45145502645503	7	1	16
6	29	0	0	294	1	2.45145502645503	10	0	4
6	29	0	0	294	1	2.45145502645503	17	0	7
6	30	0	0	294	1	2.09732142857143	3	1	5
6	30	0	0	294	1	2.09732142857143	3	1	20
6	30	0	0	294	1	2.09732142857143	10	0	15
6	30	0	0	294	1	2.09732142857143	26	0	1
6	30	0	0	294	1	2.09732142857143	17	0	11
6	30	0	0	294	1	2.09732142857143	0.33	1	14
6	30	0	0	294	1	2.09732142857143	4	1	11
6	30	0	0	294	1	2.09732142857143	1	1	11
7	31	0	0	229	0	2.3258547008547		4	1	20
7	31	0	0	229	0	2.3258547008547		1.5	1	11
7	31	0	0	229	0	2.3258547008547		35	0	22
7	31	0	0	229	0	2.3258547008547		22	0	10
7	31	0	0	229	0	2.3258547008547		32	0	5
7	31	0	0	229	0	2.3258547008547		31	0	3
7	31	0	0	229	0	2.3258547008547		1	1	14
7	31	0	0	229	0	2.3258547008547		3	1	9
7	31	0	0	229	0	2.3258547008547		17	0	11
7	31	0	0	229	0	2.3258547008547		32	0	10
7	31	0	0	229	0	2.3258547008547		17	0	11
7	31	0	0	229	0	2.3258547008547		2	1	14
7	31	0	0	229	0	2.3258547008547		17	1	7
7	32	0	0	229	0	2.34444444444444	26	0	14
7	32	0	0	229	0	2.34444444444444	23	0	15
7	32	0	0	229	0	2.34444444444444	24	0	9
7	32	0	0	229	0	2.34444444444444	29	0	15
7	32	0	0	229	0	2.34444444444444	30	0	6
7	32	0	0	229	0	2.34444444444444	25	1	11
8	33	0	0	170	1	2.79632034632035	35	1	6
8	33	0	0	170	1	2.79632034632035	7	1	13
8	33	0	0	170	1	2.79632034632035	25	0	8
8	33	0	0	170	1	2.79632034632035	31	0	14
8	33	0	0	170	1	2.79632034632035	5	1	8
8	33	0	0	170	1	2.79632034632035	17	0	0
8	33	0	0	170	1	2.79632034632035	4	1	21
8	33	0	0	170	1	2.79632034632035	3	0	21
8	33	0	0	170	1	2.79632034632035	27	1	11
8	33	0	0	170	1	2.79632034632035	0.33	1	3
8	33	0	0	170	1	2.79632034632035	1	1	6
8	34	0	0	170	0	2.72019400352734	10	0	16
8	34	0	0	170	0	2.72019400352734	4	1	1
8	34	0	0	170	0	2.72019400352734	20	1	20
8	34	0	0	170	0	2.72019400352734	20	0	9
8	34	0	0	170	0	2.72019400352734	28	0	6
8	34	0	0	170	0	2.72019400352734	29	0	16
8	34	0	0	170	0	2.72019400352734	29	1	19
8	34	0	0	170	0	2.72019400352734	28	0	8
8	34	0	0	170	0	2.72019400352734	20	1	16
8	35	0	0	170	0	2.70544733044733	4	1	5
8	35	0	0	170	0	2.70544733044733	2	1	28
8	35	0	0	170	0	2.70544733044733	3	0	6
8	35	0	0	170	0	2.70544733044733	2	1	8
8	35	0	0	170	0	2.70544733044733	7	1	7
8	35	0	0	170	0	2.70544733044733	4	1	3
8	35	0	0	170	0	2.70544733044733	20	0	9
8	35	0	0	170	0	2.70544733044733	5	1	6
8	35	0	0	170	0	2.70544733044733	9	0	13
8	35	0	0	170	0	2.70544733044733	22	0	2
8	35	0	0	170	0	2.70544733044733	4	1	7
9	36	0	0	355	0	2.39821428571429	18	1	24
9	36	0	0	355	0	2.39821428571429	6	0	8
9	36	0	0	355	0	2.39821428571429	36	0	3
9	36	0	0	355	0	2.39821428571429	2	1	10
9	36	0	0	355	0	2.39821428571429	32	1	0
9	36	0	0	355	0	2.39821428571429	1	1	5
9	36	0	0	355	0	2.39821428571429	23	0	9
9	36	0	0	355	0	2.39821428571429	26	1	2
9	36	0	0	355	0	2.39821428571429	3	1	3
9	36	0	0	355	0	2.39821428571429	32	0	28
9	36	0	0	355	0	2.39821428571429	1	1	10
9	36	0	0	355	0	2.39821428571429	24	0	0
9	37	0	0	355	1	2.51542658730159	30	1	1
9	37	0	0	355	1	2.51542658730159	30	1	6
9	37	0	0	355	1	2.51542658730159	18	0	8
9	37	0	0	355	1	2.51542658730159	29	1	2
9	37	0	0	355	1	2.51542658730159	33	0	11
9	37	0	0	355	1	2.51542658730159	18	0	8
9	37	0	0	355	1	2.51542658730159	27	0	10
9	37	0	0	355	1	2.51542658730159	17	1	0
9	38	0	0	355	1	2.31964285714286	22	1	6
9	38	0	0	355	1	2.31964285714286	11	1	24
9	38	0	0	355	1	2.31964285714286	5	1	1
9	38	0	0	355	1	2.31964285714286	29	1	25
9	38	0	0	355	1	2.31964285714286	23	1	25
9	38	0	0	355	1	2.31964285714286	28	1	17
9	39	0	0	355	1	2.72198412698413	31	0	6
9	39	0	0	355	1	2.72198412698413	6	1	6
9	39	0	0	355	1	2.72198412698413	1	1	7
9	39	0	0	355	1	2.72198412698413	4	1	10
9	39	0	0	355	1	2.72198412698413	23	0	5
9	39	0	0	355	1	2.72198412698413	21	1	7
9	39	0	0	355	1	2.72198412698413	0	1	2
9	39	0	0	355	1	2.72198412698413	8	1	6
9	39	0	0	355	1	2.72198412698413	5	0	3
9	39	0	0	355	1	2.72198412698413	0.67	1	17
10	40	0	0	179	0	2.26014109347443	18	0	5
10	40	0	0	179	0	2.26014109347443	35	0	21
10	40	0	0	179	0	2.26014109347443	15	0	15
10	40	0	0	179	0	2.26014109347443	4	1	12
10	40	0	0	179	0	2.26014109347443	28	0	13
10	40	0	0	179	0	2.26014109347443	17	0	16
10	40	0	0	179	0	2.26014109347443	26	1	1
10	40	0	0	179	0	2.26014109347443	1	1	20
10	40	0	0	179	0	2.26014109347443	28	0	16
10	41	0	0	179	1	2.38002645502646	18	0	18
10	41	0	0	179	1	2.38002645502646	13	0	6
10	41	0	0	179	1	2.38002645502646	28	0	6
10	41	0	0	179	1	2.38002645502646	0.25	1	10
10	41	0	0	179	1	2.38002645502646	3	0	1
10	41	0	0	179	1	2.38002645502646	18	0	14
10	41	0	0	179	1	2.38002645502646	8	1	12
10	41	0	0	179	1	2.38002645502646	2	1	8
10	41	0	0	179	1	2.38002645502646	23	0	12
10	42	0	0	179	0	2.52777777777778	23	0	16
11	43	0	0	135	0	2.38078231292517	3	1	10
11	43	0	0	135	0	2.38078231292517	15	0	9
11	43	0	0	135	0	2.38078231292517	23	0	5
11	43	0	0	135	0	2.38078231292517	1	1	12
11	43	0	0	135	0	2.38078231292517	9	0	12
11	43	0	0	135	0	2.38078231292517	19	0	1
11	43	0	0	135	0	2.38078231292517	3	1	3
12	44	1	0	600	0	2.61011904761905	9	1	4
12	44	1	0	600	0	2.61011904761905	14	1	12
12	44	1	0	600	0	2.61011904761905	25	0	3
12	44	1	0	600	0	2.61011904761905	33	0	5
12	44	1	0	600	0	2.61011904761905	20	0	6
12	44	1	0	600	0	2.61011904761905	7	1	4
12	45	1	0	600	1	2.70097402597403	3	1	12
12	45	1	0	600	1	2.70097402597403	8.5	0	6
12	45	1	0	600	1	2.70097402597403	25	0	13
12	45	1	0	600	1	2.70097402597403	2	1	4
12	45	1	0	600	1	2.70097402597403	31	0	14
12	45	1	0	600	1	2.70097402597403	34	0	1
12	45	1	0	600	1	2.70097402597403	21	0	17
12	45	1	0	600	1	2.70097402597403	0	1	3
12	45	1	0	600	1	2.70097402597403	5.5	1	11
12	45	1	0	600	1	2.70097402597403	4	1	12
12	45	1	0	600	1	2.70097402597403	0	1	20
12	46	1	0	600	1	2.46544011544012	25	1	10
12	46	1	0	600	1	2.46544011544012	1	1	8
12	46	1	0	600	1	2.46544011544012	6	1	19
12	46	1	0	600	1	2.46544011544012	12	0	2
12	46	1	0	600	1	2.46544011544012	2	1	9
12	46	1	0	600	1	2.46544011544012	15	0	15
12	46	1	0	600	1	2.46544011544012	11	1	15
12	46	1	0	600	1	2.46544011544012	6	1	6
12	46	1	0	600	1	2.46544011544012	2	1	4
12	46	1	0	600	1	2.46544011544012	13	1	5
12	46	1	0	600	1	2.46544011544012	9	1	7
12	47	1	0	600	0	2.81612103174603	4	1	0
12	47	1	0	600	0	2.81612103174603	8	1	7
12	47	1	0	600	0	2.81612103174603	5	1	7
12	47	1	0	600	0	2.81612103174603	22	0	13
12	47	1	0	600	0	2.81612103174603	5	1	9
12	47	1	0	600	0	2.81612103174603	28	1	20
12	47	1	0	600	0	2.81612103174603	4	1	13
12	47	1	0	600	0	2.81612103174603	2	1	4
12	48	1	0	600	0	2.91663614163614	9	1	7
12	48	1	0	600	0	2.91663614163614	9	1	9
12	48	1	0	600	0	2.91663614163614	3	1	7
12	48	1	0	600	0	2.91663614163614	8	1	6
12	48	1	0	600	0	2.91663614163614	23	1	14
12	48	1	0	600	0	2.91663614163614	12	1	4
12	48	1	0	600	0	2.91663614163614	13	0	3
12	48	1	0	600	0	2.91663614163614	11	1	11
12	48	1	0	600	0	2.91663614163614	9	0	3
12	48	1	0	600	0	2.91663614163614	7	1	5
12	48	1	0	600	0	2.91663614163614	3	1	6
12	48	1	0	600	0	2.91663614163614	5	1	5
12	48	1	0	600	0	2.91663614163614	1.5	1	6
12	49	1	0	600	0	2.23169642857143	12	1	7
12	49	1	0	600	0	2.23169642857143	18	0	35
12	49	1	0	600	0	2.23169642857143	35	0	6
12	49	1	0	600	0	2.23169642857143	10	0	9
12	49	1	0	600	0	2.23169642857143	11	0	15
12	49	1	0	600	0	2.23169642857143	18	0	12
12	49	1	0	600	0	2.23169642857143	12	1	23
12	49	1	0	600	0	2.23169642857143	20	0	17
13	50	0	0	217	0	2.5211038961039		20	0	22
13	50	0	0	217	0	2.5211038961039		26	0	9
13	50	0	0	217	0	2.5211038961039		9	0	12
13	50	0	0	217	0	2.5211038961039		7	1	23
13	50	0	0	217	0	2.5211038961039		26	0	5
13	50	0	0	217	0	2.5211038961039		4	1	14
13	50	0	0	217	0	2.5211038961039		5	1	8
13	50	0	0	217	0	2.5211038961039		3	1	15
13	50	0	0	217	0	2.5211038961039		28	0	17
13	50	0	0	217	0	2.5211038961039		22	0	5
13	50	0	0	217	0	2.5211038961039		19	0	9
13	51	0	0	217	0	2.91263736263736	28	0	31
13	51	0	0	217	0	2.91263736263736	22	0	4
13	51	0	0	217	0	2.91263736263736	21	0	4
13	51	0	0	217	0	2.91263736263736	2	1	4
13	51	0	0	217	0	2.91263736263736	15	0	2
13	51	0	0	217	0	2.91263736263736	24	1	7
13	51	0	0	217	0	2.91263736263736	10	1	18
13	51	0	0	217	0	2.91263736263736	10	1	1
13	51	0	0	217	0	2.91263736263736	21	0	8
13	51	0	0	217	0	2.91263736263736	4	1	12
13	51	0	0	217	0	2.91263736263736	20	1	34
13	51	0	0	217	0	2.91263736263736	23	0	18
13	51	0	0	217	0	2.91263736263736	27	0	1
13	52	0	0	217	1	2.84047619047619	35	0	10
13	52	0	0	217	1	2.84047619047619	21	0	8
13	52	0	0	217	1	2.84047619047619	32	0	6
13	52	0	0	217	1	2.84047619047619	1	1	5
13	52	0	0	217	1	2.84047619047619	26	0	16
13	52	0	0	217	1	2.84047619047619	2	1	12
13	53	0	0	217	1	2.51248196248196	35	0	9
13	53	0	0	217	1	2.51248196248196	29	0	10
13	53	0	0	217	1	2.51248196248196	14	0	3
13	53	0	0	217	1	2.51248196248196	24	0	19
13	53	0	0	217	1	2.51248196248196	8	1	13
13	53	0	0	217	1	2.51248196248196	22	0	7
13	53	0	0	217	1	2.51248196248196	2	1	4
13	53	0	0	217	1	2.51248196248196	8	1	23
13	53	0	0	217	1	2.51248196248196	26	0	1
13	53	0	0	217	1	2.51248196248196	6	1	5
13	53	0	0	217	1	2.51248196248196	2	1	0
14	54	0	0	348	1	2.07281746031746	25	1	24
14	54	0	0	348	1	2.07281746031746	9	1	15
14	54	0	0	348	1	2.07281746031746	25	1	2
14	54	0	0	348	1	2.07281746031746	6	1	3
14	54	0	0	348	1	2.07281746031746	23	1	5
14	54	0	0	348	1	2.07281746031746	9	1	8
14	54	0	0	348	1	2.07281746031746	14	1	11
14	54	0	0	348	1	2.07281746031746	17	1	10
14	54	0	0	348	1	2.07281746031746	7	0	21
14	54	0	0	348	1	2.07281746031746	22	0	18
14	54	0	0	348	1	2.07281746031746	15	1	5
14	54	0	0	348	1	2.07281746031746	9	0	2
14	55	0	0	348	0	2.71011904761905	34	0	27
14	55	0	0	348	0	2.71011904761905	27	0	13
14	55	0	0	348	0	2.71011904761905	21	0	10
14	55	0	0	348	0	2.71011904761905	27	0	1
14	55	0	0	348	0	2.71011904761905	25	1	10
14	55	0	0	348	0	2.71011904761905	26	1	15
14	55	0	0	348	0	2.71011904761905	19	0	1
14	55	0	0	348	0	2.71011904761905	28	0	13
14	56	0	0	348	0	2.26335200746965	10	1	9
14	56	0	0	348	0	2.26335200746965	1	1	22
14	56	0	0	348	0	2.26335200746965	2	0	10
14	56	0	0	348	0	2.26335200746965	5	1	12
14	56	0	0	348	0	2.26335200746965	20	1	4
14	56	0	0	348	0	2.26335200746965	6	1	5
14	56	0	0	348	0	2.26335200746965	20	0	10
14	56	0	0	348	0	2.26335200746965	4.5	1	16
14	56	0	0	348	0	2.26335200746965	23	0	7
14	56	0	0	348	0	2.26335200746965	6	0	26
14	56	0	0	348	0	2.26335200746965	29	0	6
14	56	0	0	348	0	2.26335200746965	36	0	6
14	56	0	0	348	0	2.26335200746965	32	0	12
14	56	0	0	348	0	2.26335200746965	3	1	20
14	56	0	0	348	0	2.26335200746965	35	0	5
14	56	0	0	348	0	2.26335200746965	27	0	4
14	56	0	0	348	0	2.26335200746965	25	1	15
14	57	0	0	348	1	2.46771512113617	24	0	4
14	57	0	0	348	1	2.46771512113617	1	1	41
14	57	0	0	348	1	2.46771512113617	4	1	8
14	57	0	0	348	1	2.46771512113617	10	0	2
14	57	0	0	348	1	2.46771512113617	23	0	22
14	57	0	0	348	1	2.46771512113617	4	1	5
14	57	0	0	348	1	2.46771512113617	8	0	5
14	57	0	0	348	1	2.46771512113617	0	1	21
14	57	0	0	348	1	2.46771512113617	8	1	13
14	57	0	0	348	1	2.46771512113617	25	0	0
14	57	0	0	348	1	2.46771512113617	15	0	11
14	57	0	0	348	1	2.46771512113617	5	1	17
14	57	0	0	348	1	2.46771512113617	37	0	16
14	57	0	0	348	1	2.46771512113617	12	0	2
14	57	0	0	348	1	2.46771512113617	22	0	33
14	57	0	0	348	1	2.46771512113617	26	0	4
14	57	0	0	348	1	2.46771512113617	37	0	2
14	57	0	0	348	1	2.46771512113617	1.5	1	6
14	57	0	0	348	1	2.46771512113617	14	1	10
15	58	0	0	286	1	2.50823412698413	8	0	6
15	58	0	0	286	1	2.50823412698413	4	0	16
15	58	0	0	286	1	2.50823412698413	30	1	19
15	58	0	0	286	1	2.50823412698413	11	1	5
15	58	0	0	286	1	2.50823412698413	27	0	14
15	58	0	0	286	1	2.50823412698413	0	1	9
15	58	0	0	286	1	2.50823412698413	3	1	6
15	58	0	0	286	1	2.50823412698413	6	1	15
15	59	0	0	286	1	2.25471781305115	20	0	11
15	59	0	0	286	1	2.25471781305115	14	1	7
15	59	0	0	286	1	2.25471781305115	28	1	8
15	59	0	0	286	1	2.25471781305115	25	0	22
15	59	0	0	286	1	2.25471781305115	17	0	11
15	59	0	0	286	1	2.25471781305115	15	0	6
15	59	0	0	286	1	2.25471781305115	13	0	20
15	59	0	0	286	1	2.25471781305115	29	0	14
15	59	0	0	286	1	2.25471781305115	7	0	18
15	60	0	0	286	0	2.4267094017094		30	0	10
15	60	0	0	286	0	2.4267094017094		28	0	16
15	60	0	0	286	0	2.4267094017094		22	0	8
15	60	0	0	286	0	2.4267094017094		3	0	15
15	60	0	0	286	0	2.4267094017094		20	0	9
15	60	0	0	286	0	2.4267094017094		4	1	14
15	60	0	0	286	0	2.4267094017094		29	1	8
15	60	0	0	286	0	2.4267094017094		33	0	7
15	60	0	0	286	0	2.4267094017094		22	1	6
15	60	0	0	286	0	2.4267094017094		0.12	0	14
15	60	0	0	286	0	2.4267094017094		19	0	11
15	60	0	0	286	0	2.4267094017094		23	0	8
15	60	0	0	286	0	2.4267094017094		3	1	17
15	61	0	0	286	0	2.30149911816578	30	0	5
15	61	0	0	286	0	2.30149911816578	23	0	9
15	61	0	0	286	0	2.30149911816578	30	1	24
15	61	0	0	286	0	2.30149911816578	21	1	7
15	61	0	0	286	0	2.30149911816578	15	0	9
15	61	0	0	286	0	2.30149911816578	4	1	15
15	61	0	0	286	0	2.30149911816578	5	1	9
15	61	0	0	286	0	2.30149911816578	30	1	6
15	61	0	0	286	0	2.30149911816578	23	0	6
16	62	1	0	404	1	2.51746031746032	7	1	15
16	62	1	0	404	1	2.51746031746032	3	1	33
16	62	1	0	404	1	2.51746031746032	9	0	3
16	62	1	0	404	1	2.51746031746032	23	0	16
16	62	1	0	404	1	2.51746031746032	19	0	13
16	62	1	0	404	1	2.51746031746032	18	0	7
16	62	1	0	404	1	2.51746031746032	26	0	3
16	62	1	0	404	1	2.51746031746032	17	0	21
16	62	1	0	404	1	2.51746031746032	13	0	0
16	62	1	0	404	1	2.51746031746032	6	0	8
16	63	1	0	404	1	2.37146031746032	10	1	14
16	63	1	0	404	1	2.37146031746032	28	1	2
16	63	1	0	404	1	2.37146031746032	0	1	7
16	63	1	0	404	1	2.37146031746032	33	0	12
16	63	1	0	404	1	2.37146031746032	8	1	19
16	63	1	0	404	1	2.37146031746032	16	1	10
16	63	1	0	404	1	2.37146031746032	38	0	6
16	63	1	0	404	1	2.37146031746032	39	1	0
16	63	1	0	404	1	2.37146031746032	4	1	7
16	63	1	0	404	1	2.37146031746032	5	1	14
16	64	1	0	404	0	2.59507275132275	26	1	14
16	64	1	0	404	0	2.59507275132275	4	1	5
16	64	1	0	404	0	2.59507275132275	24	0	2
16	64	1	0	404	0	2.59507275132275	18	0	9
16	64	1	0	404	0	2.59507275132275	8	0	1
16	64	1	0	404	0	2.59507275132275	29	0	7
16	64	1	0	404	0	2.59507275132275	19	0	7
16	64	1	0	404	0	2.59507275132275	1	1	15
16	64	1	0	404	0	2.59507275132275	7	1	5
16	64	1	0	404	0	2.59507275132275	29	0	12
16	64	1	0	404	0	2.59507275132275	1	1	5
16	64	1	0	404	0	2.59507275132275	8	1	1
16	65	1	0	404	0	2.49325396825397	30	0	6
16	65	1	0	404	0	2.49325396825397	1	1	2
16	65	1	0	404	0	2.49325396825397	18	0	4
16	65	1	0	404	0	2.49325396825397	4	1	8
16	65	1	0	404	0	2.49325396825397	21	1	5
16	65	1	0	404	0	2.49325396825397	3	0	6
16	65	1	0	404	0	2.49325396825397	7	1	17
16	65	1	0	404	0	2.49325396825397	35	0	29
16	66	1	0	404	0	2.51696428571429	22	1	10
16	66	1	0	404	0	2.51696428571429	22	0	9
16	66	1	0	404	0	2.51696428571429	9	1	2
16	66	1	0	404	0	2.51696428571429	9	1	14
16	66	1	0	404	0	2.51696428571429	7	0	14
16	66	1	0	404	0	2.51696428571429	8	0	22
16	66	1	0	404	0	2.51696428571429	0	0	14
16	66	1	0	404	0	2.51696428571429	12	0	14
16	66	1	0	404	0	2.51696428571429	15	0	14
16	66	1	0	404	0	2.51696428571429	5	1	12
16	66	1	0	404	0	2.51696428571429	21	0	10
16	66	1	0	404	0	2.51696428571429	40	0	27
16	67	1	0	404	0	2.46180555555556	35	1	13
16	67	1	0	404	0	2.46180555555556	21	0	10
16	67	1	0	404	0	2.46180555555556	17	0	13
16	67	1	0	404	0	2.46180555555556	2	1	7
17	68	1	0	351	0	2.30140692640693	35	1	18
17	68	1	0	351	0	2.30140692640693	3	1	20
17	68	1	0	351	0	2.30140692640693	24	0	2
17	68	1	0	351	0	2.30140692640693	25	0	12
17	68	1	0	351	0	2.30140692640693	0	1	9
17	68	1	0	351	0	2.30140692640693	28	0	21
17	68	1	0	351	0	2.30140692640693	17	0	10
17	68	1	0	351	0	2.30140692640693	34	0	6
17	68	1	0	351	0	2.30140692640693	4	1	1
17	68	1	0	351	0	2.30140692640693	3	0	13
17	68	1	0	351	0	2.30140692640693	2	1	6
17	69	1	0	351	0	2.17641723356009	6	1	0
17	69	1	0	351	0	2.17641723356009	4	1	7
17	69	1	0	351	0	2.17641723356009	28	1	10
17	69	1	0	351	0	2.17641723356009	30	1	10
17	69	1	0	351	0	2.17641723356009	4	1	8
17	69	1	0	351	0	2.17641723356009	30	1	18
17	69	1	0	351	0	2.17641723356009	8	1	11
17	70	1	0	351	1	2.07613378684807	11	1	9
17	70	1	0	351	1	2.07613378684807	6	1	21
17	70	1	0	351	1	2.07613378684807	5	1	13
17	70	1	0	351	1	2.07613378684807	9	0	17
17	70	1	0	351	1	2.07613378684807	21	1	19
17	70	1	0	351	1	2.07613378684807	4	1	15
17	70	1	0	351	1	2.07613378684807	8	1	25
17	71	1	0	351	1	1.88822751322751	9	1	14
17	71	1	0	351	1	1.88822751322751	3	1	16
17	71	1	0	351	1	1.88822751322751	14	1	9
17	72	1	0	351	1	2.57003968253968	14	1	6
17	72	1	0	351	1	2.57003968253968	18	0	6
17	73	1	0	351	0	2.52255291005291	22	0	25
17	73	1	0	351	0	2.52255291005291	19	1	6
17	73	1	0	351	0	2.52255291005291	14	1	15
17	73	1	0	351	0	2.52255291005291	8	1	14
17	73	1	0	351	0	2.52255291005291	18	1	17
17	73	1	0	351	0	2.52255291005291	1	0	11
18	74	1	0	475	0	2.5609623015873		33	0	9
18	74	1	0	475	0	2.5609623015873		23	0	4
18	74	1	0	475	0	2.5609623015873		18	0	2
18	74	1	0	475	0	2.5609623015873		0.25	0	4
18	74	1	0	475	0	2.5609623015873		29	0	16
18	74	1	0	475	0	2.5609623015873		5	1	8
18	74	1	0	475	0	2.5609623015873		7	1	8
18	74	1	0	475	0	2.5609623015873		2	1	7
18	75	1	0	475	1	2.15164399092971	25	0	6
18	75	1	0	475	1	2.15164399092971	22	0	12
18	75	1	0	475	1	2.15164399092971	9	0	14
18	75	1	0	475	1	2.15164399092971	23	0	11
18	75	1	0	475	1	2.15164399092971	24	0	4
18	75	1	0	475	1	2.15164399092971	13	1	5
18	75	1	0	475	1	2.15164399092971	11	0	23
18	76	1	0	475	1	2.59113756613757	5	1	9
18	76	1	0	475	1	2.59113756613757	2	1	20
18	76	1	0	475	1	2.59113756613757	4.5	1	7
18	76	1	0	475	1	2.59113756613757	3	1	6
18	76	1	0	475	1	2.59113756613757	20	0	2
18	76	1	0	475	1	2.59113756613757	30	0	8
18	77	1	0	475	1	2.90130385487528	23	0	4
18	77	1	0	475	1	2.90130385487528	25	0	2
18	77	1	0	475	1	2.90130385487528	28	0	6
18	77	1	0	475	1	2.90130385487528	30	1	8
18	77	1	0	475	1	2.90130385487528	25	0	2
18	77	1	0	475	1	2.90130385487528	17	0	4
18	77	1	0	475	1	2.90130385487528	38	0	1
18	78	1	0	475	0	2.65821995464853	23	0	3
18	78	1	0	475	0	2.65821995464853	1	1	3
18	78	1	0	475	0	2.65821995464853	2	0	0
18	78	1	0	475	0	2.65821995464853	2	1	22
18	78	1	0	475	0	2.65821995464853	2.5	1	4
18	78	1	0	475	0	2.65821995464853	2	1	10
18	78	1	0	475	0	2.65821995464853	22	0	15
19	79	1	0	186	0	2.66706349206349	35	1	6
19	79	1	0	186	0	2.66706349206349	1	1	9
19	79	1	0	186	0	2.66706349206349	38	0	11
19	79	1	0	186	0	2.66706349206349	13	1	3
19	79	1	0	186	0	2.66706349206349	22	0	25
20	80	0	0	382	0	2.24607142857143	26	1	24
20	80	0	0	382	0	2.24607142857143	26	0	14
20	80	0	0	382	0	2.24607142857143	6	0	8
20	80	0	0	382	0	2.24607142857143	27	1	14
20	80	0	0	382	0	2.24607142857143	32	0	17
20	80	0	0	382	0	2.24607142857143	24	1	2
20	80	0	0	382	0	2.24607142857143	3	1	13
20	80	0	0	382	0	2.24607142857143	33	0	8
20	80	0	0	382	0	2.24607142857143	5	1	18
20	80	0	0	382	0	2.24607142857143	4	1	9
20	80	0	0	382	0	2.24607142857143	31	0	11
20	80	0	0	382	0	2.24607142857143	15	1	14
20	80	0	0	382	0	2.24607142857143	5	1	13
20	80	0	0	382	0	2.24607142857143	17	0	22
20	81	0	0	382	1	2.59866071428571	8	1	10
20	81	0	0	382	1	2.59866071428571	7	0	7
20	81	0	0	382	1	2.59866071428571	16	0	5
20	81	0	0	382	1	2.59866071428571	7	1	9
20	81	0	0	382	1	2.59866071428571	0.33	1	4
20	81	0	0	382	1	2.59866071428571	27	0	0
20	81	0	0	382	1	2.59866071428571	11	1	16
20	81	0	0	382	1	2.59866071428571	20	1	3
20	82	0	0	382	0	2.3797619047619		11	1	5
20	82	0	0	382	0	2.3797619047619		8	1	6
20	82	0	0	382	0	2.3797619047619		5	1	6
20	82	0	0	382	0	2.3797619047619		6	0	6
20	82	0	0	382	0	2.3797619047619		5	1	4
20	82	0	0	382	0	2.3797619047619		15	1	6
20	82	0	0	382	0	2.3797619047619		31	0	3
20	82	0	0	382	0	2.3797619047619		0	1	11
20	83	0	0	382	1	2.81349206349206	1	1	12
20	83	0	0	382	1	2.81349206349206	6	0	12
20	83	0	0	382	1	2.81349206349206	12	0	11
20	83	0	0	382	1	2.81349206349206	13	1	6
20	83	0	0	382	1	2.81349206349206	8	1	21
20	83	0	0	382	1	2.81349206349206	21	0	8
20	83	0	0	382	1	2.81349206349206	2	1	12
20	83	0	0	382	1	2.81349206349206	12	1	6
20	83	0	0	382	1	2.81349206349206	2	1	9
20	83	0	0	382	1	2.81349206349206	20	1	3
20	83	0	0	382	1	2.81349206349206	21	1	5
21	84	0	0	116	0	2.6062358276644		16	0	1
21	84	0	0	116	0	2.6062358276644		22	1	14
21	84	0	0	116	0	2.6062358276644		18	0	16
21	84	0	0	116	0	2.6062358276644		37	0	0
21	84	0	0	116	0	2.6062358276644		20	0	2
21	84	0	0	116	0	2.6062358276644		26	0	18
21	84	0	0	116	0	2.6062358276644		2	1	2
21	85	0	0	116	1	2.5218253968254		10	0	24
21	85	0	0	116	1	2.5218253968254		32	0	9
21	85	0	0	116	1	2.5218253968254		32	0	9
21	85	0	0	116	1	2.5218253968254		19	0	1
21	85	0	0	116	1	2.5218253968254		2.75	1	13
21	85	0	0	116	1	2.5218253968254		4	1	6
21	86	0	0	116	1	2.84126984126984	3	1	12
21	86	0	0	116	1	2.84126984126984	1	1	2
21	86	0	0	116	1	2.84126984126984	7	1	7
21	86	0	0	116	1	2.84126984126984	22	0	10
22	87	1	1	1062	1	2.53759920634921	25	0	5
22	87	1	1	1062	1	2.53759920634921	1	0	11
22	87	1	1	1062	1	2.53759920634921	24	0	7
22	87	1	1	1062	1	2.53759920634921	29	0	6
22	87	1	1	1062	1	2.53759920634921	10	1	5
22	87	1	1	1062	1	2.53759920634921	11	1	5
22	87	1	1	1062	1	2.53759920634921	6	1	1
22	87	1	1	1062	1	2.53759920634921	25	1	26
22	88	1	1	1062	0	2.60649801587302	14	0	18
22	88	1	1	1062	0	2.60649801587302	20	1	1
22	88	1	1	1062	0	2.60649801587302	22	0	7
22	88	1	1	1062	0	2.60649801587302	25	0	13
22	88	1	1	1062	0	2.60649801587302	18	0	13
22	88	1	1	1062	0	2.60649801587302	23	0	7
22	88	1	1	1062	0	2.60649801587302	9	1	18
22	88	1	1	1062	0	2.60649801587302	9	1	19
22	89	1	1	1062	1	2.57594304388422	25	0	12
22	89	1	1	1062	1	2.57594304388422	25	1	15
22	89	1	1	1062	1	2.57594304388422	1	1	13
22	89	1	1	1062	1	2.57594304388422	20	1	15
22	89	1	1	1062	1	2.57594304388422	1	1	4
22	89	1	1	1062	1	2.57594304388422	34	1	6
22	89	1	1	1062	1	2.57594304388422	5	0	9
22	89	1	1	1062	1	2.57594304388422	4	1	14
22	89	1	1	1062	1	2.57594304388422	21	0	20
22	89	1	1	1062	1	2.57594304388422	31	0	14
22	89	1	1	1062	1	2.57594304388422	4	1	16
22	89	1	1	1062	1	2.57594304388422	21	0	0
22	89	1	1	1062	1	2.57594304388422	28	0	19
22	89	1	1	1062	1	2.57594304388422	38	1	1
22	89	1	1	1062	1	2.57594304388422	28	0	3
22	89	1	1	1062	1	2.57594304388422	28	0	6
22	89	1	1	1062	1	2.57594304388422	31	0	10
22	90	1	1	1062	0	2.5713924963925		32	0	16
22	90	1	1	1062	0	2.5713924963925		26	0	12
22	90	1	1	1062	0	2.5713924963925		31	0	3
22	90	1	1	1062	0	2.5713924963925		4	1	13
22	90	1	1	1062	0	2.5713924963925		12	1	19
22	90	1	1	1062	0	2.5713924963925		33	1	12
22	90	1	1	1062	0	2.5713924963925		31	0	6
22	90	1	1	1062	0	2.5713924963925		11	1	22
22	90	1	1	1062	0	2.5713924963925		1.5	1	15
22	90	1	1	1062	0	2.5713924963925		38	1	6
22	90	1	1	1062	0	2.5713924963925		34	1	6
22	91	1	1	1062	1	2.92309027777778	37	0	6
22	91	1	1	1062	1	2.92309027777778	30	1	4
22	91	1	1	1062	1	2.92309027777778	32	1	0
22	91	1	1	1062	1	2.92309027777778	18	0	6
22	91	1	1	1062	1	2.92309027777778	10	0	16
22	91	1	1	1062	1	2.92309027777778	6	1	5
22	91	1	1	1062	1	2.92309027777778	16	0	20
22	91	1	1	1062	1	2.92309027777778	28	1	5
22	91	1	1	1062	1	2.92309027777778	2	1	8
22	91	1	1	1062	1	2.92309027777778	34	0	18
22	91	1	1	1062	1	2.92309027777778	2	1	4
22	91	1	1	1062	1	2.92309027777778	1.4	1	7
22	91	1	1	1062	1	2.92309027777778	9.5	0	8
22	91	1	1	1062	1	2.92309027777778	7	1	18
22	91	1	1	1062	1	2.92309027777778	0.33	1	6
22	91	1	1	1062	1	2.92309027777778	18	0	2
22	92	1	1	1062	0	2.59081196581197	18	1	13
22	92	1	1	1062	0	2.59081196581197	13	0	8
22	92	1	1	1062	0	2.59081196581197	19	0	13
22	92	1	1	1062	0	2.59081196581197	4	1	15
22	92	1	1	1062	0	2.59081196581197	19	0	15
22	92	1	1	1062	0	2.59081196581197	8	0	14
22	92	1	1	1062	0	2.59081196581197	31	0	27
22	92	1	1	1062	0	2.59081196581197	28	1	17
22	92	1	1	1062	0	2.59081196581197	2	1	12
22	92	1	1	1062	0	2.59081196581197	12	0	16
22	92	1	1	1062	0	2.59081196581197	23	0	10
22	92	1	1	1062	0	2.59081196581197	26	0	13
22	92	1	1	1062	0	2.59081196581197	21	1	16
23	93	0	0	318	0	2.38700396825397	14	0	24
23	93	0	0	318	0	2.38700396825397	0.33	1	5
23	93	0	0	318	0	2.38700396825397	10	0	11
23	93	0	0	318	0	2.38700396825397	1.5	1	4
23	94	0	0	318	0	2.63070436507937	8	1	4
23	94	0	0	318	0	2.63070436507937	5	1	5
23	94	0	0	318	0	2.63070436507937	0	1	12
23	94	0	0	318	0	2.63070436507937	9	1	12
23	94	0	0	318	0	2.63070436507937	3	1	4
23	94	0	0	318	0	2.63070436507937	9	0	3
23	94	0	0	318	0	2.63070436507937	29	0	0
23	94	0	0	318	0	2.63070436507937	11	0	0
23	95	0	0	318	1	2.27162698412698	1	1	6
23	95	0	0	318	1	2.27162698412698	37	1	14
23	95	0	0	318	1	2.27162698412698	15	0	2
23	95	0	0	318	1	2.27162698412698	6	1	8
23	95	0	0	318	1	2.27162698412698	2	1	16
23	95	0	0	318	1	2.27162698412698	3	1	3
23	95	0	0	318	1	2.27162698412698	36	0	26
23	95	0	0	318	1	2.27162698412698	4	1	5
23	95	0	0	318	1	2.27162698412698	0	1	6
23	95	0	0	318	1	2.27162698412698	7	0	7
23	95	0	0	318	1	2.27162698412698	32	1	30
23	95	0	0	318	1	2.27162698412698	14	0	25
23	96	0	0	318	1	2.46006944444444	0	1	6
23	96	0	0	318	1	2.46006944444444	4	1	20
23	96	0	0	318	1	2.46006944444444	19	0	0
23	96	0	0	318	1	2.46006944444444	20	0	1
23	96	0	0	318	1	2.46006944444444	5	1	5
23	96	0	0	318	1	2.46006944444444	6	1	9
23	96	0	0	318	1	2.46006944444444	34	0	5
23	96	0	0	318	1	2.46006944444444	9	0	1
24	97	1	0	773	0	2.59186507936508	25	1	0
24	97	1	0	773	0	2.59186507936508	19	0	11
24	97	1	0	773	0	2.59186507936508	2	1	18
24	97	1	0	773	0	2.59186507936508	11	0	16
24	97	1	0	773	0	2.59186507936508	35	0	11
24	97	1	0	773	0	2.59186507936508	30	0	19
24	97	1	0	773	0	2.59186507936508	5	1	10
24	97	1	0	773	0	2.59186507936508	23	1	8
24	97	1	0	773	0	2.59186507936508	29	0	13
24	97	1	0	773	0	2.59186507936508	12	0	17
24	97	1	0	773	0	2.59186507936508	24	0	23
24	97	1	0	773	0	2.59186507936508	28	0	10
24	97	1	0	773	0	2.59186507936508	16	1	23
24	97	1	0	773	0	2.59186507936508	2	1	8
24	98	1	0	773	0	2.42034632034632	6	0	12
24	98	1	0	773	0	2.42034632034632	14	0	11
24	98	1	0	773	0	2.42034632034632	34	0	17
24	98	1	0	773	0	2.42034632034632	26	1	6
24	98	1	0	773	0	2.42034632034632	23	0	7
24	98	1	0	773	0	2.42034632034632	15	0	22
24	98	1	0	773	0	2.42034632034632	21	0	24
24	98	1	0	773	0	2.42034632034632	10	1	3
24	98	1	0	773	0	2.42034632034632	35	0	23
24	98	1	0	773	0	2.42034632034632	31	0	0
24	98	1	0	773	0	2.42034632034632	4	0	3
24	99	1	0	773	1	2.53829365079365	12	1	11
24	99	1	0	773	1	2.53829365079365	34	0	9
24	99	1	0	773	1	2.53829365079365	4	1	2
24	99	1	0	773	1	2.53829365079365	18	0	16
24	99	1	0	773	1	2.53829365079365	22	0	18
24	99	1	0	773	1	2.53829365079365	3	1	17
24	100	1	0	773	0	2.45626102292769	20	1	5
24	100	1	0	773	0	2.45626102292769	0.33	1	5
24	100	1	0	773	0	2.45626102292769	4	1	2
24	100	1	0	773	0	2.45626102292769	10	1	6
24	100	1	0	773	0	2.45626102292769	27	0	2
24	100	1	0	773	0	2.45626102292769	3	1	12
24	100	1	0	773	0	2.45626102292769	33	0	0
24	100	1	0	773	0	2.45626102292769	1.5	1	7
24	100	1	0	773	0	2.45626102292769	10	0	14
24	101	1	0	773	1	2.51779100529101	2	1	7
24	101	1	0	773	1	2.51779100529101	1	1	11
24	101	1	0	773	1	2.51779100529101	27	0	8
24	101	1	0	773	1	2.51779100529101	4	1	7
24	101	1	0	773	1	2.51779100529101	14	1	10
24	101	1	0	773	1	2.51779100529101	9	1	18
24	102	1	0	773	0	2.64672619047619	27	0	4
24	102	1	0	773	0	2.64672619047619	30	0	9
24	102	1	0	773	0	2.64672619047619	12	0	2
24	102	1	0	773	0	2.64672619047619	18	1	15
25	103	1	0	329	0	2.32613378684807	35	1	22
25	103	1	0	329	0	2.32613378684807	35	1	11
25	103	1	0	329	0	2.32613378684807	30	1	14
25	103	1	0	329	0	2.32613378684807	20	1	15
25	103	1	0	329	0	2.32613378684807	17	0	19
25	103	1	0	329	0	2.32613378684807	6	1	8
25	103	1	0	329	0	2.32613378684807	2	0	8
25	104	1	0	329	1	2.27050264550265	29	1	12
25	104	1	0	329	1	2.27050264550265	0.33	1	11
25	104	1	0	329	1	2.27050264550265	4	1	23
25	104	1	0	329	1	2.27050264550265	6	1	13
25	104	1	0	329	1	2.27050264550265	4	1	6
25	104	1	0	329	1	2.27050264550265	29	0	4
25	105	1	0	329	1	2.33907203907204	12	0	22
25	105	1	0	329	1	2.33907203907204	4	1	16
25	105	1	0	329	1	2.33907203907204	19	1	11
25	105	1	0	329	1	2.33907203907204	20	0	11
25	105	1	0	329	1	2.33907203907204	16	0	10
25	105	1	0	329	1	2.33907203907204	14	1	8
25	105	1	0	329	1	2.33907203907204	2	1	20
25	105	1	0	329	1	2.33907203907204	0	1	15
25	105	1	0	329	1	2.33907203907204	0.42	1	12
25	105	1	0	329	1	2.33907203907204	1	1	3
25	105	1	0	329	1	2.33907203907204	18	1	22
25	105	1	0	329	1	2.33907203907204	36	0	6
25	105	1	0	329	1	2.33907203907204	1.5	1	9
25	106	1	0	329	1	2.50263888888889	0.42	1	6
25	106	1	0	329	1	2.50263888888889	0	1	1
25	106	1	0	329	1	2.50263888888889	10	0	13
25	106	1	0	329	1	2.50263888888889	20	0	15
26	107	0	0	317	0	2.4672619047619		25	0	8
26	107	0	0	317	0	2.4672619047619		28	0	10
26	107	0	0	317	0	2.4672619047619		13	0	18
26	107	0	0	317	0	2.4672619047619		3	0	6
26	107	0	0	317	0	2.4672619047619		11	1	19
26	107	0	0	317	0	2.4672619047619		3	1	4
26	107	0	0	317	0	2.4672619047619		17	1	3
26	107	0	0	317	0	2.4672619047619		19	0	7
26	107	0	0	317	0	2.4672619047619		1	1	5
26	107	0	0	317	0	2.4672619047619		25	0	12
26	107	0	0	317	0	2.4672619047619		1	1	6
26	107	0	0	317	0	2.4672619047619		25	0	12
26	108	0	0	317	0	2.14821428571429	17	0	27
26	108	0	0	317	0	2.14821428571429	21	0	13
26	108	0	0	317	0	2.14821428571429	3	1	16
26	108	0	0	317	0	2.14821428571429	6	1	15
26	108	0	0	317	0	2.14821428571429	3	1	13
26	108	0	0	317	0	2.14821428571429	2	1	42
26	108	0	0	317	0	2.14821428571429	1	1	13
26	108	0	0	317	0	2.14821428571429	27	0	13
26	108	0	0	317	0	2.14821428571429	3	1	12
26	108	0	0	317	0	2.14821428571429	20	0	0
26	109	0	0	317	1	2.09865079365079	34	0	15
26	109	0	0	317	1	2.09865079365079	34	0	20
26	109	0	0	317	1	2.09865079365079	28	0	3
26	109	0	0	317	1	2.09865079365079	5	1	26
26	109	0	0	317	1	2.09865079365079	22	0	11
26	109	0	0	317	1	2.09865079365079	30	0	3
26	109	0	0	317	1	2.09865079365079	7	1	18
26	109	0	0	317	1	2.09865079365079	34	0	14
26	109	0	0	317	1	2.09865079365079	1	0	18
26	109	0	0	317	1	2.09865079365079	8	1	14
26	110	0	0	317	1	2.23082010582011	1.5	1	10
26	110	0	0	317	1	2.23082010582011	13	0	20
26	110	0	0	317	1	2.23082010582011	11	0	3
26	110	0	0	317	1	2.23082010582011	5.5	1	20
26	110	0	0	317	1	2.23082010582011	17	0	19
26	110	0	0	317	1	2.23082010582011	28	0	4
27	111	0	0	302	0	2.39345238095238	25	0	4
27	111	0	0	302	0	2.39345238095238	9	1	12
27	111	0	0	302	0	2.39345238095238	7	1	0
27	111	0	0	302	0	2.39345238095238	29	0	13
27	111	0	0	302	0	2.39345238095238	13	0	18
27	111	0	0	302	0	2.39345238095238	26	0	9
27	111	0	0	302	0	2.39345238095238	35	0	5
27	111	0	0	302	0	2.39345238095238	29	0	8
27	112	0	0	302	1	2.37017195767196	7	1	1
27	112	0	0	302	1	2.37017195767196	29	0	30
27	112	0	0	302	1	2.37017195767196	32	0	10
27	112	0	0	302	1	2.37017195767196	3	1	10
27	112	0	0	302	1	2.37017195767196	9	1	13
27	112	0	0	302	1	2.37017195767196	19	0	2
27	113	0	0	302	1	2.27347883597884	30	1	14
27	113	0	0	302	1	2.27347883597884	5	0	18
27	113	0	0	302	1	2.27347883597884	6	1	29
27	113	0	0	302	1	2.27347883597884	6	0	15
27	113	0	0	302	1	2.27347883597884	3	1	9
27	113	0	0	302	1	2.27347883597884	12	0	7
28	114	0	0	610	1	2.50515873015873	7	1	10
28	114	0	0	610	1	2.50515873015873	4	1	10
28	114	0	0	610	1	2.50515873015873	5	1	15
28	114	0	0	610	1	2.50515873015873	10	1	10
28	114	0	0	610	1	2.50515873015873	12	1	8
28	114	0	0	610	1	2.50515873015873	22	0	15
28	114	0	0	610	1	2.50515873015873	32	0	25
28	114	0	0	610	1	2.50515873015873	29	0	33
28	115	0	0	610	0	2.60924036281179	4	0	15
28	115	0	0	610	0	2.60924036281179	1	1	18
28	115	0	0	610	0	2.60924036281179	15	0	9
28	115	0	0	610	0	2.60924036281179	12	1	4
28	115	0	0	610	0	2.60924036281179	9	0	8
28	115	0	0	610	0	2.60924036281179	10	0	7
28	115	0	0	610	0	2.60924036281179	18	0	7
28	116	0	0	610	1	2.8015873015873		4	1	7
28	116	0	0	610	1	2.8015873015873		14	0	7
28	116	0	0	610	1	2.8015873015873		13	0	8
28	116	0	0	610	1	2.8015873015873		10	0	10
28	116	0	0	610	1	2.8015873015873		26	1	1
28	116	0	0	610	1	2.8015873015873		5	1	22
29	117	0	0	666	0	2.45590828924162	18	0	5
29	117	0	0	666	0	2.45590828924162	6	1	2
29	117	0	0	666	0	2.45590828924162	30	0	5
29	117	0	0	666	0	2.45590828924162	20	0	9
29	117	0	0	666	0	2.45590828924162	2	1	11
29	117	0	0	666	0	2.45590828924162	12	1	11
29	117	0	0	666	0	2.45590828924162	24	0	9
29	117	0	0	666	0	2.45590828924162	28	0	20
29	117	0	0	666	0	2.45590828924162	17	1	10
29	118	0	0	666	0	2.47809523809524	32	1	7
29	118	0	0	666	0	2.47809523809524	11	0	14
29	118	0	0	666	0	2.47809523809524	31	0	12
29	118	0	0	666	0	2.47809523809524	4.5	1	8
29	118	0	0	666	0	2.47809523809524	20	0	12
29	118	0	0	666	0	2.47809523809524	25	0	25
29	118	0	0	666	0	2.47809523809524	24	0	4
29	118	0	0	666	0	2.47809523809524	20	0	11
29	118	0	0	666	0	2.47809523809524	32	1	1
29	118	0	0	666	0	2.47809523809524	25	0	9
29	119	0	0	666	0	2.47482993197279	32	0	10
29	119	0	0	666	0	2.47482993197279	0	1	6
29	119	0	0	666	0	2.47482993197279	24	0	6
29	119	0	0	666	0	2.47482993197279	35	1	14
29	119	0	0	666	0	2.47482993197279	0	1	13
29	119	0	0	666	0	2.47482993197279	20	0	7
29	119	0	0	666	0	2.47482993197279	23	0	5
29	120	0	0	666	1	2.70833333333333	18	0	0
29	120	0	0	666	1	2.70833333333333	4	1	12
29	120	0	0	666	1	2.70833333333333	17	1	3
29	120	0	0	666	1	2.70833333333333	30	0	2
29	120	0	0	666	1	2.70833333333333	19	1	8
29	120	0	0	666	1	2.70833333333333	5	1	15
29	121	0	0	666	1	2.27936507936508	33	1	1
29	121	0	0	666	1	2.27936507936508	15	0	29
29	121	0	0	666	1	2.27936507936508	17	1	30
29	121	0	0	666	1	2.27936507936508	12	0	12
29	121	0	0	666	1	2.27936507936508	2	1	4
29	121	0	0	666	1	2.27936507936508	20	1	17
29	122	0	0	666	1	2.12825396825397	22	0	20
29	122	0	0	666	1	2.12825396825397	35	0	13
29	122	0	0	666	1	2.12825396825397	3	1	2
29	122	0	0	666	1	2.12825396825397	23	0	2
29	122	0	0	666	1	2.12825396825397	9	1	15
30	123	0	0	266	1	2.34914965986395	35	0	1
30	123	0	0	266	1	2.34914965986395	34	1	3
30	123	0	0	266	1	2.34914965986395	22	0	18
30	123	0	0	266	1	2.34914965986395	31	1	9
30	123	0	0	266	1	2.34914965986395	10	1	5
30	123	0	0	266	1	2.34914965986395	14	1	9
30	123	0	0	266	1	2.34914965986395	6	1	14
30	124	0	0	266	1	2.03968253968254	2	1	25
30	124	0	0	266	1	2.03968253968254	13	0	15
30	124	0	0	266	1	2.03968253968254	6	1	21
30	124	0	0	266	1	2.03968253968254	19	1	3
30	124	0	0	266	1	2.03968253968254	3	1	8
30	124	0	0	266	1	2.03968253968254	6	0	9
30	124	0	0	266	1	2.03968253968254	1.33	1	18
30	124	0	0	266	1	2.03968253968254	5	1	10
30	125	0	0	266	0	2.42003968253968	15	0	7
30	125	0	0	266	0	2.42003968253968	20	1	0
30	125	0	0	266	0	2.42003968253968	4	1	5
30	125	0	0	266	0	2.42003968253968	3	1	15
30	125	0	0	266	0	2.42003968253968	22	0	3
30	125	0	0	266	0	2.42003968253968	33	1	12
30	125	0	0	266	0	2.42003968253968	0.5	1	11
30	125	0	0	266	0	2.42003968253968	32	0	8
30	125	0	0	266	0	2.42003968253968	8	1	16
30	125	0	0	266	0	2.42003968253968	8	1	13
30	125	0	0	266	0	2.42003968253968	21	1	5
30	125	0	0	266	0	2.42003968253968	13	0	17
30	125	0	0	266	0	2.42003968253968	29	0	4
30	125	0	0	266	0	2.42003968253968	29	1	6
30	126	0	0	266	0	2.39140211640212	30	1	8
30	126	0	0	266	0	2.39140211640212	0	1	14
30	126	0	0	266	0	2.39140211640212	3	1	9
30	126	0	0	266	0	2.39140211640212	15	0	8
30	126	0	0	266	0	2.39140211640212	14	0	8
30	126	0	0	266	0	2.39140211640212	9	1	12
30	126	0	0	266	0	2.39140211640212	5	1	21
30	126	0	0	266	0	2.39140211640212	38	1	3
30	126	0	0	266	0	2.39140211640212	25	0	11
30	126	0	0	266	0	2.39140211640212	10	0	9
30	126	0	0	266	0	2.39140211640212	4	0	3
30	126	0	0	266	0	2.39140211640212	36	0	15
